86400.000000 -4387891.326223 733421.079553 -4555176.571960
86430.000000 -4387891.907579 733420.713917 -4555177.942859
86460.000000 -4387891.357684 733420.654459 -4555176.932741
86490.000000 -4387890.896217 733420.652778 -4555176.842236
86520.000000 -4387890.898895 733420.572963 -4555176.608401
86550.000000 -4387890.911457 733420.568567 -4555176.750672
86580.000000 -4387891.310177 733420.495858 -4555176.842488
86610.000000 -4387891.362373 733420.494760 -4555176.885333
86640.000000 -4387891.439989 733420.516592 -4555177.196074
86670.000000 -4387890.659938 733420.774112 -4555177.266669
86700.000000 -4387890.872682 733420.560059 -4555177.382068
86730.000000 -4387890.955249 733421.030443 -4555177.316640
86760.000000 -4387890.848506 733421.021994 -4555177.463724
86790.000000 -4387890.718104 733420.912746 -4555177.522945
86820.000000 -4387890.562266 733421.037628 -4555177.273286
86850.000000 -4387890.935892 733420.717144 -4555177.393504
86880.000000 -4387890.633264 733420.648922 -4555177.285164
86910.000000 -4387891.120079 733420.512275 -4555177.389726
86940.000000 -4387891.079678 733420.889431 -4555177.411849
86970.000000 -4387891.081272 733420.724824 -4555177.507287
87000.000000 -4387891.075694 733420.811377 -4555177.243847
87030.000000 -4387891.329442 733420.834425 -4555177.524628
87060.000000 -4387891.239519 733421.050575 -4555177.334657
87090.000000 -4387891.114950 733420.920894 -4555177.146065
87120.000000 -4387891.453191 733421.098970 -4555177.340223
87150.000000 -4387891.209919 733420.811213 -4555177.487565
87180.000000 -4387891.118211 733420.906586 -4555177.321429
87210.000000 -4387891.057792 733421.077161 -4555177.360888
87240.000000 -4387891.160762 733420.972452 -4555177.366572
87270.000000 -4387891.318281 733420.606046 -4555177.595561
87300.000000 -4387891.045695 733420.576995 -4555177.340381
87330.000000 -4387890.973708 733420.929894 -4555177.286721
87360.000000 -4387890.801256 733420.935658 -4555177.511506
87390.000000 -4387890.584899 733420.816430 -4555177.582339
87420.000000 -4387890.753143 733420.552720 -4555177.468289
87450.000000 -4387890.729595 733420.443146 -4555177.046443
87480.000000 -4387890.605177 733420.367680 -4555176.969516
87510.000000 -4387890.555107 733420.368485 -4555177.009398
87540.000000 -4387890.658111 733420.342160 -4555177.124210
87570.000000 -4387890.663158 733420.338368 -4555177.081979
87600.000000 -4387890.688308 733420.344603 -4555176.828857
87630.000000 -4387890.911907 733420.345193 -4555176.974515
87660.000000 -4387891.048689 733420.545704 -4555176.939761
87690.000000 -4387890.673919 733420.554090 -4555176.851540
87720.000000 -4387890.712584 733420.413830 -4555177.019526
87750.000000 -4387890.419626 733420.342357 -4555176.919962
87780.000000 -4387890.415593 733420.505650 -4555176.911888
87810.000000 -4387890.614028 733420.621852 -4555176.810324
87840.000000 -4387890.636703 733420.422519 -4555176.763998
87870.000000 -4387890.609005 733420.335966 -4555176.766024
87900.000000 -4387890.386538 733420.287761 -4555176.900835
87930.000000 -4387890.488375 733420.228633 -4555176.583600
87960.000000 -4387890.381013 733420.280057 -4555176.565663
87990.000000 -4387890.225327 733420.130194 -4555176.614108
88020.000000 -4387890.165709 733420.217180 -4555176.562198
88050.000000 -4387890.003829 733420.233948 -4555176.479424
88080.000000 -4387890.382059 733420.220169 -4555176.457016
88110.000000 -4387890.105714 733420.426316 -4555176.096905
88140.000000 -4387890.251675 733420.430177 -4555175.903072
88170.000000 -4387889.571729 733420.544199 -4555175.941742
88200.000000 -4387889.433034 733420.640891 -4555175.966281
88230.000000 -4387889.424522 733420.440231 -4555175.909730
88260.000000 -4387889.439256 733420.415031 -4555176.088015
88290.000000 -4387889.761870 733420.572062 -4555176.121439
88320.000000 -4387889.782303 733420.193970 -4555176.201697
88350.000000 -4387889.437603 733420.191270 -4555176.235204
88380.000000 -4387889.515347 733420.074614 -4555176.176040
88410.000000 -4387889.520216 733420.397764 -4555175.975404
88440.000000 -4387889.888035 733420.359194 -4555176.023047
88470.000000 -4387889.937478 733420.325215 -4555175.963390
88500.000000 -4387889.891444 733420.316359 -4555176.032543
88530.000000 -4387889.992473 733420.112063 -4555175.910486
88560.000000 -4387890.037668 733419.991119 -4555176.097901
88590.000000 -4387889.966553 733420.061689 -4555175.991959
88620.000000 -4387889.629322 733420.242120 -4555176.184290
88650.000000 -4387889.605449 733420.507638 -4555176.130556
88680.000000 -4387889.652795 733420.401639 -4555176.290773
88710.000000 -4387889.902828 733420.321237 -4555175.987508
88740.000000 -4387890.179466 733420.676392 -4555176.081576
88770.000000 -4387889.769149 733420.343420 -4555175.807828
88800.000000 -4387889.974113 733420.138579 -4555175.765376
88830.000000 -4387889.612165 733419.821646 -4555175.648547
88860.000000 -4387889.701560 733419.883235 -4555175.926896
88890.000000 -4387889.774539 733419.860162 -4555176.210001
88920.000000 -4387889.587996 733419.902983 -4555176.118510
88950.000000 -4387889.437412 733419.741133 -4555176.416026
88980.000000 -4387889.867038 733419.647107 -4555176.463287
89010.000000 -4387889.617999 733420.065063 -4555176.301310
89040.000000 -4387889.682425 733420.299375 -4555176.364627
89070.000000 -4387889.771316 733420.270739 -4555176.512793
89100.000000 -4387889.108815 733420.325298 -4555176.646843
89130.000000 -4387889.511762 733420.567248 -4555176.813146
89160.000000 -4387889.338053 733420.740298 -4555176.757358
89190.000000 -4387889.681475 733420.674113 -4555176.664807
89220.000000 -4387889.615053 733420.286981 -4555176.690753
89250.000000 -4387889.365431 733420.483417 -4555176.729894
89280.000000 -4387889.260228 733420.685183 -4555176.318734
89310.000000 -4387889.204155 733420.671475 -4555176.143759
89340.000000 -4387889.116038 733420.677688 -4555176.048290
89370.000000 -4387888.873833 733420.763532 -4555175.740895
89400.000000 -4387889.247520 733420.754946 -4555175.864786
89430.000000 -4387889.552139 733420.558640 -4555175.744161
89460.000000 -4387889.446004 733420.668715 -4555176.087132
89490.000000 -4387889.835793 733420.607308 -4555175.971102
89520.000000 -4387890.103035 733420.396512 -4555175.767302
89550.000000 -4387889.999331 733420.268606 -4555175.832764
89580.000000 -4387890.023395 733420.017215 -4555176.063695
89610.000000 -4387890.019456 733419.962644 -4555175.997604
89640.000000 -4387889.715191 733420.197582 -4555175.905254
89670.000000 -4387889.622173 733420.192910 -4555176.071786
89700.000000 -4387889.415488 733420.236433 -4555176.186408
89730.000000 -4387889.601276 733420.103842 -4555176.371107
89760.000000 -4387889.540364 733419.983150 -4555176.309128
89790.000000 -4387889.510892 733419.903282 -4555176.405613
89820.000000 -4387889.952319 733419.716531 -4555176.403602
89850.000000 -4387889.939517 733419.640760 -4555176.132535
89880.000000 -4387890.055688 733419.674669 -4555176.171009
89910.000000 -4387890.034123 733419.832247 -4555176.051113
89940.000000 -4387890.010172 733420.098527 -4555175.971991
89970.000000 -4387890.090224 733420.030265 -4555176.010906
90000.000000 -4387890.147999 733420.014562 -4555175.893246
90030.000000 -4387890.170283 733420.108207 -4555175.493989
90060.000000 -4387890.176681 733420.078025 -4555175.418800
90090.000000 -4387890.014469 733419.849174 -4555175.733414
90120.000000 -4387889.887864 733420.182676 -4555175.758374
90150.000000 -4387889.670466 733420.333465 -4555175.684243
90180.000000 -4387889.265469 733420.356565 -4555175.559189
90210.000000 -4387888.853378 733420.551281 -4555175.791076
90240.000000 -4387888.812354 733420.285273 -4555175.527513
90270.000000 -4387888.780683 733420.527257 -4555175.590108
90300.000000 -4387888.940921 733420.403734 -4555175.672813
90330.000000 -4387889.228794 733420.364331 -4555175.791007
90360.000000 -4387889.260547 733420.241528 -4555175.583976
90390.000000 -4387889.406279 733420.306185 -4555175.759103
90420.000000 -4387889.695650 733420.131322 -4555175.694388
90450.000000 -4387889.872311 733420.014925 -4555176.003491
90480.000000 -4387889.846100 733419.946579 -4555175.999157
90510.000000 -4387889.886845 733420.264291 -4555175.840548
90540.000000 -4387889.915507 733420.034894 -4555175.743583
90570.000000 -4387890.126445 733420.012544 -4555175.847882
90600.000000 -4387889.647372 733420.318609 -4555176.102257
90630.000000 -4387889.662963 733420.598700 -4555175.771677
90660.000000 -4387890.055987 733420.544489 -4555175.566063
90690.000000 -4387889.960916 733420.414259 -4555175.589966
90720.000000 -4387889.888375 733420.324840 -4555175.760999
90750.000000 -4387889.822754 733420.389707 -4555175.353606
90780.000000 -4387889.610253 733420.638802 -4555175.482427
90810.000000 -4387889.298965 733420.680771 -4555175.594966
90840.000000 -4387889.375672 733420.660174 -4555175.428301
90870.000000 -4387889.690657 733420.328577 -4555175.630395
90900.000000 -4387889.677721 733420.302474 -4555175.562888
90930.000000 -4387889.673345 733420.471876 -4555175.561912
90960.000000 -4387889.752609 733420.639661 -4555175.440007
90990.000000 -4387889.771463 733420.533572 -4555175.498213
91020.000000 -4387889.849511 733420.735100 -4555175.642783
91050.000000 -4387889.901683 733420.815634 -4555175.582270
91080.000000 -4387890.073250 733420.716322 -4555175.527461
91110.000000 -4387890.040865 733420.822397 -4555175.481593
91140.000000 -4387890.261465 733420.591559 -4555175.750922
91170.000000 -4387890.577530 733420.669175 -4555175.804681
91200.000000 -4387890.694005 733420.664759 -4555175.689414
91230.000000 -4387890.781375 733420.689112 -4555175.864191
91260.000000 -4387890.966319 733420.597071 -4555175.981928
91290.000000 -4387890.823673 733420.873977 -4555175.979749
91320.000000 -4387890.834140 733420.794513 -4555176.080217
91350.000000 -4387890.642295 733420.603427 -4555175.991066
91380.000000 -4387890.334074 733420.628148 -4555176.106897
91410.000000 -4387889.934919 733420.423876 -4555176.011037
91440.000000 -4387889.878777 733420.342672 -4555176.178321
91470.000000 -4387889.879790 733420.417024 -4555176.189492
91500.000000 -4387889.452106 733420.424996 -4555176.315889
91530.000000 -4387889.449168 733420.489097 -4555176.234322
91560.000000 -4387889.327260 733420.670755 -4555176.159149
91590.000000 -4387889.583460 733420.590423 -4555176.305192
91620.000000 -4387889.626046 733420.706739 -4555176.488453
91650.000000 -4387889.462211 733420.648155 -4555176.305781
91680.000000 -4387889.486661 733420.877094 -4555176.124913
91710.000000 -4387889.445913 733420.995593 -4555175.999521
91740.000000 -4387889.571841 733420.474231 -4555176.039356
91770.000000 -4387889.629950 733420.336900 -4555175.925780
91800.000000 -4387889.922555 733420.238140 -4555175.784685
91830.000000 -4387890.047677 733420.269592 -4555175.705537
91860.000000 -4387889.969135 733420.436556 -4555175.697267
91890.000000 -4387890.127681 733420.328404 -4555175.557116
91920.000000 -4387890.137307 733420.472693 -4555175.582358
91950.000000 -4387890.149333 733420.355245 -4555175.556002
91980.000000 -4387890.275653 733420.364209 -4555175.721041
92010.000000 -4387890.268075 733420.080777 -4555175.654201
92040.000000 -4387890.024389 733420.072923 -4555175.364373
92070.000000 -4387890.133781 733420.091113 -4555175.486320
92100.000000 -4387890.264450 733420.306856 -4555175.495943
92130.000000 -4387890.399109 733420.117572 -4555175.407690
92160.000000 -4387890.262533 733420.006656 -4555175.442419
92190.000000 -4387890.222837 733419.996420 -4555175.209390
92220.000000 -4387890.309329 733419.937018 -4555175.255930
92250.000000 -4387890.377263 733419.741654 -4555175.294589
92280.000000 -4387889.800207 733419.913757 -4555175.076433
92310.000000 -4387890.214638 733420.024881 -4555174.945543
92340.000000 -4387890.222070 733419.839936 -4555174.941889
92370.000000 -4387890.101407 733419.839415 -4555174.991239
92400.000000 -4387889.588429 733419.899220 -4555174.815898
92430.000000 -4387889.465926 733419.860617 -4555175.042461
92460.000000 -4387889.332860 733420.150748 -4555174.762537
92490.000000 -4387889.556653 733420.357059 -4555175.030322
92520.000000 -4387889.437294 733420.722177 -4555174.886204
92550.000000 -4387889.642628 733420.613043 -4555174.900677
92580.000000 -4387889.718223 733420.803747 -4555175.081847
92610.000000 -4387889.868797 733420.687870 -4555175.039948
92640.000000 -4387889.644415 733420.700165 -4555175.502607
92670.000000 -4387889.751543 733420.812207 -4555175.411259
92700.000000 -4387889.495805 733420.626433 -4555175.567139
92730.000000 -4387889.689791 733420.546866 -4555175.243966
92760.000000 -4387889.813414 733420.708477 -4555175.047259
92790.000000 -4387889.496547 733420.815277 -4555175.228096
92820.000000 -4387889.670927 733420.923697 -4555175.516451
92850.000000 -4387889.844064 733421.074749 -4555175.350142
92880.000000 -4387889.840245 733421.075688 -4555175.490597
92910.000000 -4387890.002887 733421.008880 -4555175.524811
92940.000000 -4387889.603445 733420.751246 -4555175.413877
92970.000000 -4387889.704808 733420.692721 -4555175.248658
93000.000000 -4387889.784275 733420.666401 -4555175.185058
93030.000000 -4387889.796500 733420.557455 -4555175.091833
93060.000000 -4387889.805955 733420.605516 -4555175.162774
93090.000000 -4387889.946409 733420.673348 -4555175.141683
93120.000000 -4387889.907138 733420.597306 -4555175.149902
93150.000000 -4387889.687271 733420.569850 -4555175.259860
93180.000000 -4387889.768975 733420.886844 -4555175.561998
93210.000000 -4387890.029040 733420.876484 -4555175.437527
93240.000000 -4387889.896379 733421.113204 -4555175.643019
93270.000000 -4387890.108472 733421.350862 -4555175.293809
93300.000000 -4387890.226886 733421.418523 -4555175.399930
93330.000000 -4387890.040418 733421.184358 -4555175.268331
93360.000000 -4387889.494969 733420.864987 -4555175.264696
93390.000000 -4387889.488039 733420.776813 -4555175.341819
93420.000000 -4387889.361712 733420.986553 -4555175.411284
93450.000000 -4387889.462011 733420.695291 -4555175.457301
93480.000000 -4387889.745155 733420.589955 -4555175.398422
93510.000000 -4387889.726107 733420.689679 -4555175.438489
93540.000000 -4387889.942733 733420.629736 -4555175.315941
93570.000000 -4387889.472502 733420.803954 -4555174.953350
93600.000000 -4387889.233030 733420.836202 -4555174.734048
93630.000000 -4387889.262385 733420.759860 -4555174.751435
93660.000000 -4387889.323128 733420.793511 -4555174.892440
93690.000000 -4387889.846745 733420.862917 -4555175.061416
93720.000000 -4387889.890720 733420.747172 -4555175.082954
93750.000000 -4387889.738525 733420.433582 -4555175.388019
93780.000000 -4387889.921447 733420.349138 -4555175.020775
93810.000000 -4387890.088735 733420.284091 -4555174.791438
93840.000000 -4387890.145133 733420.393733 -4555174.823856
93870.000000 -4387890.055853 733420.447533 -4555175.014995
93900.000000 -4387890.063957 733420.810837 -4555174.955689
93930.000000 -4387889.866575 733420.449721 -4555174.920065
93960.000000 -4387889.841859 733420.486587 -4555174.951621
93990.000000 -4387889.532442 733420.864569 -4555174.699084
94020.000000 -4387889.525558 733421.244950 -4555174.604904
94050.000000 -4387889.649873 733421.285169 -4555174.497634
94080.000000 -4387889.488348 733421.146375 -4555174.621722
94110.000000 -4387889.676130 733420.752248 -4555174.632780
94140.000000 -4387890.071301 733420.447656 -4555174.465781
94170.000000 -4387890.174998 733420.063306 -4555174.703034
94200.000000 -4387890.246697 733419.814671 -4555174.857355
94230.000000 -4387890.215888 733419.579618 -4555175.004484
94260.000000 -4387889.766870 733419.701631 -4555175.287431
94290.000000 -4387889.692780 733419.972825 -4555175.316803
94320.000000 -4387889.721856 733420.042521 -4555175.551333
94350.000000 -4387889.658257 733420.562154 -4555175.461028
94380.000000 -4387889.791795 733420.660671 -4555175.325981
94410.000000 -4387889.907520 733420.838299 -4555175.284879
94440.000000 -4387889.954093 733420.684655 -4555175.332305
94470.000000 -4387889.698528 733420.666415 -4555175.401451
94500.000000 -4387889.876405 733420.437937 -4555175.304370
94530.000000 -4387890.018784 733420.461747 -4555175.357942
94560.000000 -4387889.836832 733420.418449 -4555175.289276
94590.000000 -4387889.903037 733420.350059 -4555175.423961
94620.000000 -4387889.789452 733420.498924 -4555175.437260
94650.000000 -4387889.588198 733420.621691 -4555175.259909
94680.000000 -4387889.326437 733420.691771 -4555175.375786
94710.000000 -4387889.598918 733420.831942 -4555175.614822
94740.000000 -4387889.735007 733420.853819 -4555175.799662
94770.000000 -4387889.563542 733420.718742 -4555175.734898
94800.000000 -4387889.777474 733420.747577 -4555175.526315
94830.000000 -4387890.001780 733420.617152 -4555175.371785
94860.000000 -4387890.238517 733420.736707 -4555175.336543
94890.000000 -4387890.179756 733420.514791 -4555175.351190
94920.000000 -4387890.184961 733421.062363 -4555175.312198
94950.000000 -4387890.228422 733421.227964 -4555175.423779
94980.000000 -4387890.149629 733421.236939 -4555175.027495
95010.000000 -4387890.501813 733420.801837 -4555175.145996
95040.000000 -4387890.509492 733420.681898 -4555175.196926
95070.000000 -4387890.273917 733420.839972 -4555175.406888
95100.000000 -4387889.985806 733420.940987 -4555175.400031
95130.000000 -4387890.010913 733421.000575 -4555175.418502
95160.000000 -4387889.562728 733420.933686 -4555175.254863
95190.000000 -4387889.711101 733420.905090 -4555175.159098
95220.000000 -4387889.598611 733420.679299 -4555175.229883
95250.000000 -4387889.746281 733420.765745 -4555175.267163
95280.000000 -4387889.642935 733420.647649 -4555175.356538
95310.000000 -4387889.719715 733421.045416 -4555175.310088
95340.000000 -4387889.842361 733421.223913 -4555175.216740
95370.000000 -4387889.961958 733421.060264 -4555174.965211
95400.000000 -4387890.051746 733420.855912 -4555174.938433
95430.000000 -4387889.620421 733420.735274 -4555175.011364
95460.000000 -4387889.350679 733420.738636 -4555174.906580
95490.000000 -4387889.015861 733420.474945 -4555175.121965
95520.000000 -4387889.092380 733420.496454 -4555174.908600
95550.000000 -4387888.915475 733420.701723 -4555174.984457
95580.000000 -4387889.041279 733420.609822 -4555174.987013
95610.000000 -4387889.313400 733420.586763 -4555175.245685
95640.000000 -4387889.168454 733420.709555 -4555175.203364
95670.000000 -4387889.250679 733420.457847 -4555175.349037
95700.000000 -4387889.302772 733420.346174 -4555175.319135
95730.000000 -4387889.349786 733420.413207 -4555175.428110
95760.000000 -4387889.193680 733420.784162 -4555175.297442
95790.000000 -4387889.177317 733420.935243 -4555175.283236
95820.000000 -4387889.053195 733421.103729 -4555175.079389
95850.000000 -4387889.480471 733420.935289 -4555175.196626
95880.000000 -4387889.613963 733421.070896 -4555175.059151
95910.000000 -4387889.496595 733421.205661 -4555174.983752
95940.000000 -4387889.667312 733421.312000 -4555175.014304
95970.000000 -4387889.468445 733421.482216 -4555174.815264
96000.000000 -4387889.466294 733421.549685 -4555174.594629
96030.000000 -4387889.779127 733421.486994 -4555174.354774
96060.000000 -4387889.687501 733421.541690 -4555174.288703
96090.000000 -4387889.848363 733421.474305 -4555174.383068
96120.000000 -4387889.547050 733421.331361 -4555174.344488
96150.000000 -4387889.672142 733421.437208 -4555174.697649
96180.000000 -4387889.788447 733421.502796 -4555174.876512
96210.000000 -4387890.248987 733421.633955 -4555174.881452
96240.000000 -4387890.091317 733421.801838 -4555174.944431
96270.000000 -4387890.039889 733421.879413 -4555174.735420
96300.000000 -4387890.103747 733421.420841 -4555174.819243
96330.000000 -4387889.834094 733421.376435 -4555174.782066
96360.000000 -4387889.923875 733421.213186 -4555174.842584
96390.000000 -4387889.685543 733421.377932 -4555174.922991
96420.000000 -4387889.672497 733421.537998 -4555174.995457
96450.000000 -4387889.782511 733421.380347 -4555175.101608
96480.000000 -4387889.652182 733420.697330 -4555175.130134
96510.000000 -4387889.891706 733420.549137 -4555175.165551
96540.000000 -4387889.352150 733420.827255 -4555174.969360
96570.000000 -4387889.884370 733420.699385 -4555174.900044
96600.000000 -4387889.921018 733421.016128 -4555174.940001
96630.000000 -4387889.929396 733420.964811 -4555174.892204
96660.000000 -4387889.959329 733420.812702 -4555175.158942
96690.000000 -4387889.503278 733420.615978 -4555174.768427
96720.000000 -4387889.575191 733420.255785 -4555174.631342
96750.000000 -4387889.632992 733420.220267 -4555174.696773
96780.000000 -4387889.719246 733420.293151 -4555174.733869
96810.000000 -4387890.146087 733420.373702 -4555174.819734
96840.000000 -4387890.086951 733420.767677 -4555174.973350
96870.000000 -4387890.027378 733420.857047 -4555175.103435
96900.000000 -4387889.961346 733420.817617 -4555174.858530
96930.000000 -4387889.990859 733420.575110 -4555174.798762
96960.000000 -4387890.207180 733421.004477 -4555174.736196
96990.000000 -4387890.174683 733420.983391 -4555174.760758
97020.000000 -4387890.018827 733421.126921 -4555174.714392
97050.000000 -4387890.099897 733421.026363 -4555174.706643
97080.000000 -4387889.847764 733421.080667 -4555174.766327
97110.000000 -4387889.987166 733421.043690 -4555174.863361
97140.000000 -4387889.897893 733421.132680 -4555174.774946
97170.000000 -4387889.689014 733420.922694 -4555174.651914
