86400.000000 -4387891.326223 733421.079553 -4555176.571960
86430.000000 -4387891.907579 733420.713917 -4555177.942859
86460.000000 -4387891.357684 733420.654459 -4555176.932741
86490.000000 -4387890.896217 733420.652778 -4555176.842236
86520.000000 -4387890.898895 733420.572963 -4555176.608401
86550.000000 -4387890.911457 733420.568567 -4555176.750672
86580.000000 -4387891.310177 733420.495858 -4555176.842488
86610.000000 -4387891.362373 733420.494760 -4555176.885333
86640.000000 -4387891.439989 733420.516592 -4555177.196074
86670.000000 -4387890.659938 733420.774112 -4555177.266669
86700.000000 -4387890.872682 733420.560059 -4555177.382068
86730.000000 -4387890.955249 733421.030443 -4555177.316640
86760.000000 -4387890.848506 733421.021994 -4555177.463724
86790.000000 -4387890.718104 733420.912746 -4555177.522945
86820.000000 -4387890.562266 733421.037628 -4555177.273286
86850.000000 -4387890.935892 733420.717145 -4555177.393504
86880.000000 -4387890.633264 733420.648922 -4555177.285164
86910.000000 -4387891.120080 733420.512275 -4555177.389726
86940.000000 -4387891.079678 733420.889431 -4555177.411849
86970.000000 -4387891.081272 733420.724824 -4555177.507287
87000.000000 -4387891.075694 733420.811377 -4555177.243846
87030.000000 -4387891.329442 733420.834425 -4555177.524628
87060.000000 -4387891.239519 733421.050575 -4555177.334657
87090.000000 -4387891.114950 733420.920894 -4555177.146065
87120.000000 -4387891.453191 733421.098970 -4555177.340223
87150.000000 -4387891.209919 733420.811213 -4555177.487565
87180.000000 -4387891.118211 733420.906586 -4555177.321429
87210.000000 -4387891.057792 733421.077161 -4555177.360888
87240.000000 -4387891.160762 733420.972452 -4555177.366572
87270.000000 -4387891.318281 733420.606046 -4555177.595561
87300.000000 -4387891.045695 733420.576995 -4555177.340381
87330.000000 -4387890.973708 733420.929894 -4555177.286721
87360.000000 -4387890.801256 733420.935658 -4555177.511506
87390.000000 -4387890.584899 733420.816430 -4555177.582339
87420.000000 -4387890.753143 733420.552720 -4555177.468289
87450.000000 -4387890.729595 733420.443146 -4555177.046443
87480.000000 -4387890.605177 733420.367680 -4555176.969516
87510.000000 -4387890.555107 733420.368485 -4555177.009398
87540.000000 -4387890.658111 733420.342160 -4555177.124210
87570.000000 -4387890.663158 733420.338368 -4555177.081979
87600.000000 -4387890.688308 733420.344603 -4555176.828857
87630.000000 -4387890.911907 733420.345193 -4555176.974515
87660.000000 -4387891.048689 733420.545704 -4555176.939761
87690.000000 -4387890.673919 733420.554090 -4555176.851540
87720.000000 -4387890.712584 733420.413830 -4555177.019526
87750.000000 -4387890.419626 733420.342357 -4555176.919962
87780.000000 -4387890.415593 733420.505650 -4555176.911888
87810.000000 -4387890.614028 733420.621852 -4555176.810324
87840.000000 -4387890.636703 733420.422519 -4555176.763998
87870.000000 -4387890.609005 733420.335966 -4555176.766024
87900.000000 -4387890.386538 733420.287761 -4555176.900835
87930.000000 -4387890.488375 733420.228633 -4555176.583600
87960.000000 -4387890.381013 733420.280057 -4555176.565663
87990.000000 -4387890.225327 733420.130194 -4555176.614108
88020.000000 -4387890.165709 733420.217180 -4555176.562198
88050.000000 -4387890.003829 733420.233948 -4555176.479424
88080.000000 -4387890.382059 733420.220169 -4555176.457016
88110.000000 -4387890.105714 733420.426316 -4555176.096905
88140.000000 -4387890.251675 733420.430177 -4555175.903072
88170.000000 -4387889.571729 733420.544199 -4555175.941742
88200.000000 -4387889.433034 733420.640891 -4555175.966281
88230.000000 -4387889.424522 733420.440231 -4555175.909730
88260.000000 -4387889.439256 733420.415031 -4555176.088015
88290.000000 -4387889.761870 733420.572062 -4555176.121439
88320.000000 -4387889.782303 733420.193970 -4555176.201697
88350.000000 -4387889.437603 733420.191270 -4555176.235204
88380.000000 -4387889.515347 733420.074614 -4555176.176040
88410.000000 -4387889.520216 733420.397764 -4555175.975404
88440.000000 -4387889.888035 733420.359194 -4555176.023047
88470.000000 -4387889.937478 733420.325215 -4555175.963390
88500.000000 -4387889.891444 733420.316359 -4555176.032543
88530.000000 -4387889.992473 733420.112063 -4555175.910486
88560.000000 -4387890.037669 733419.991119 -4555176.097901
88590.000000 -4387889.966553 733420.061689 -4555175.991959
88620.000000 -4387889.629322 733420.242120 -4555176.184290
88650.000000 -4387889.605449 733420.507638 -4555176.130556
88680.000000 -4387889.652795 733420.401639 -4555176.290773
88710.000000 -4387889.902828 733420.321237 -4555175.987508
88740.000000 -4387890.179466 733420.676392 -4555176.081576
88770.000000 -4387889.769149 733420.343420 -4555175.807828
88800.000000 -4387889.974113 733420.138579 -4555175.765376
88830.000000 -4387889.612165 733419.821646 -4555175.648547
